1075.162283623511
0.018993998781700244
0.132307489151024
0.024576802915744406
0.06266562899358898
0.020441942268283636
0.055439407370494825
0.009175530756890746
0.03773030915923421
0.033348329949117246
0.05570488131447067
0.005435700723617556
0.03738453312606431
0.03192124463855989
0.10830172810875396
0.08040476916893013
0.06763760575878687
0.010759975275203167
0.09885472276614189
0.06595745152239312
0.0491375262820173
0.010520448686931555
0.1371944475695673
0.11562832464238894
0.053399585122548617
0.04158017945580729
0.024477336998276485
0.0398583865826257
0.01814173893474706
0.05747682362787217
0.013007842799118166
0.03126164480880214
0.0954462278572358
0.04805120901423071
0.0586467822287525
0.112837570273672
0.09638059591200668
0.012375256309516691
0.025024932142523465
0.0069224543505548575
0.05082488777768088
0.04551770713864505
0.07253352291904468
0.007488313847294509
0.04041609776907201
0.04915601212278709
0.0016449807520588638
0.15147974350238003
0.0022779911433954414
0.1680329723573546
0.030116227972090917
0.13730612292029495
0.024202454106410504
0.1329553821558102
0.07606659183455064
0.050384416270415594
0.12644099846270146
0.09451500944708571
0.06107473367979272
0.06101867246329426
0.07212248739860025
0.0794779340946767
0.05608686394268211
0.011948514913149012
0.11615334032099076
0.04366970211366031
0.0001140355562890133
